1 2 
1 3 
1 4 
1 5 
1 6 
1 7 
1 8 
1 9 
1 10 
1 11 
1 12 
1 13 
1 14 
1 15 
1 16 
1 17 
1 18 
1 19 
1 20 
1 21 
1 22 
1 23 
1 24 
1 25 
1 26 
1 27 
1 28 
1 29 
1 30 
1 31 
1 32 
1 33 
1 34 
1 35 
1 36 
1 37 
1 38 
1 39 
1 40 
1 41 
1 42 
1 43 
1 44 
1 45 
1 46 
1 47 
1 48 
1 49 
1 50 
1 51 
1 52 
1 53 
1 54 
1 55 
1 56 
1 57 
1 58 
1 59 
1 60 
1 61 
1 62 
1 63 
1 64 
1 65 
1 66 
1 67 
1 68 
1 69 
1 70 
1 71 
1 72 
1 73 
1 74 
1 75 
1 76 
1 77 
1 78 
1 79 
1 80 
1 81 
1 82 
1 83 
1 84 
1 85 
1 86 
1 87 
1 88 
1 89 
1 90 
1 91 
1 92 
1 93 
1 94 
1 95 
1 96 
1 97 
1 98 
1 99 
1 100 
1 101 
1 102 
1 103 
1 104 
1 105 
1 106 
1 107 
1 108 
1 109 
1 110 
1 111 
1 112 
1 113 
1 114 
1 115 
1 116 
1 117 
1 118 
1 119 
1 120 
1 121 
1 122 
1 123 
1 124 
1 125 
1 126 
1 127 
1 128 
1 129 
1 130 
1 131 
1 132 
1 133 
1 134 
1 135 
1 136 
1 137 
1 138 
1 139 
1 140 
1 141 
1 142 
1 143 
1 144 
1 145 
1 146 
1 147 
1 148 
1 149 
1 150 
1 151 
1 152 
1 153 
1 154 
1 155 
1 156 
1 157 
1 158 
1 159 
1 160 
1 161 
1 162 
1 163 
1 164 
1 165 
1 166 
1 167 
1 168 
1 169 
1 170 
1 171 
1 172 
1 173 
1 174 
1 175 
1 176 
1 177 
1 178 
1 179 
1 180 
1 181 
1 182 
1 183 
1 184 
1 185 
1 186 
1 187 
1 188 
1 189 
1 190 
1 191 
1 192 
1 193 
1 194 
1 195 
1 196 
1 197 
1 198 
1 199 
1 200 
1 201 
1 202 
1 203 
1 204 
1 205 
1 206 
1 207 
1 208 
1 209 
1 210 
1 211 
1 212 
1 213 
1 214 
1 215 
1 216 
1 217 
1 218 
1 219 
1 220 
1 221 
1 222 
1 223 
1 224 
1 225 
1 226 
1 227 
1 228 
1 229 
1 230 
1 231 
1 232 
1 233 
1 234 
1 235 
1 236 
1 237 
1 238 
1 239 
1 240 
1 241 
1 242 
1 243 
1 244 
1 245 
1 246 
1 247 
1 248 
1 249 
1 250 
1 251 
1 252 
1 253 
1 254 
1 255 
1 256 
1 257 
1 258 
1 259 
1 260 
1 261 
1 262 
1 263 
1 264 
1 265 
1 266 
1 267 
1 268 
1 269 
1 270 
1 271 
1 272 
1 273 
1 274 
1 275 
1 276 
1 277 
1 278 
1 279 
1 280 
1 281 
1 282 
1 283 
1 284 
1 285 
1 286 
1 287 
1 288 
1 289 
1 290 
1 291 
1 292 
1 293 
1 294 
1 295 
1 296 
1 297 
1 298 
1 299 
1 300 
1 301 
1 302 
1 303 
1 304 
1 305 
1 306 
1 307 
1 308 
1 309 
1 310 
1 311 
1 312 
1 313 
1 314 
1 315 
1 316 
1 317 
1 318 
1 319 
1 320 
1 321 
1 322 
1 323 
1 324 
1 325 
1 326 
1 327 
1 328 
1 329 
1 330 
1 331 
1 332 
1 333 
1 334 
1 335 
1 336 
1 337 
1 338 
1 339 
1 340 
1 341 
1 342 
1 343 
11 1 
11 344 
11 345 
11 346 
11 347 
11 348 
11 349 
11 350 
11 351 
11 352 
11 353 
11 354 
11 355 
11 356 
11 357 
11 358 
11 359 
11 360 
11 361 
11 362 
11 363 
11 364 
11 365 
11 366 
11 367 
11 368 
11 369 
11 370 
11 371 
11 372 
11 373 
11 374 
11 375 
11 376 
11 377 
11 378 
11 379 
11 380 
11 381 
11 382 
11 383 
11 384 
11 385 
11 386 
11 387 
11 388 
11 389 
11 390 
11 391 
11 392 
11 393 
11 394 
11 395 
11 396 
11 397 
11 398 
11 399 
11 400 
11 401 
11 402 
11 403 
11 404 
11 405 
11 406 
11 407 
11 408 
11 409 
11 410 
11 411 
11 412 
11 413 
11 414 
11 415 
11 416 
11 417 
11 418 
11 419 
11 420 
11 421 
11 422 
11 423 
11 424 
11 425 
11 426 
11 427 
11 428 
11 429 
11 430 
11 431 
11 432 
11 433 
11 434 
11 435 
11 436 
11 437 
11 438 
11 439 
11 440 
11 441 
11 442 
11 443 
11 444 
11 445 
11 446 
11 447 
11 448 
11 449 
11 450 
11 451 
11 452 
11 453 
11 454 
11 455 
11 456 
11 457 
11 458 
11 459 
11 460 
11 461 
11 462 
11 463 
11 464 
11 465 
11 466 
11 467 
11 468 
11 469 
11 470 
11 471 
11 472 
11 473 
11 474 
11 475 
11 476 
11 477 
11 478 
11 479 
11 480 
11 481 
11 482 
11 483 
11 484 
11 485 
11 486 
11 487 
11 488 
11 489 
11 490 
11 491 
11 492 
11 493 
11 494 
11 495 
11 496 
11 497 
11 498 
11 499 
11 500 
11 501 
11 502 
11 503 
11 504 
11 505 
11 506 
11 507 
11 508 
11 509 
11 510 
11 511 
11 512 
11 513 
11 514 
11 515 
11 516 
11 517 
11 518 
11 519 
11 520 
11 521 
11 522 
11 523 
11 524 
11 525 
11 526 
11 527 
11 528 
11 529 
11 530 
11 531 
11 532 
11 533 
11 534 
11 535 
11 536 
11 537 
11 538 
11 539 
11 540 
11 541 
11 542 
11 543 
11 544 
11 545 
11 546 
11 547 
11 548 
11 549 
11 550 
11 551 
11 552 
11 553 
11 554 
11 555 
11 556 
11 557 
11 558 
11 559 
11 560 
11 561 
11 562 
11 563 
11 564 
11 565 
11 566 
11 567 
11 568 
11 569 
11 570 
11 571 
11 572 
11 573 
11 574 
11 575 
11 576 
11 577 
11 578 
11 579 
11 580 
11 581 
11 582 
11 583 
11 584 
11 585 
11 586 
11 587 
11 588 
11 589 
11 590 
11 591 
11 592 
11 593 
11 594 
11 595 
11 596 
11 597 
11 598 
11 599 
11 600 
11 601 
11 602 
11 603 
11 604 
11 605 
11 606 
11 607 
11 608 
11 609 
11 610 
11 611 
11 612 
11 613 
11 614 
11 615 
11 616 
11 617 
11 618 
11 619 
11 620 
11 621 
11 622 
11 623 
11 624 
11 625 
11 626 
11 627 
11 628 
11 629 
11 630 
11 631 
11 632 
11 633 
11 634 
11 635 
11 636 
11 637 
11 638 
11 639 
11 640 
11 641 
11 642 
11 643 
11 644 
11 645 
11 646 
11 647 
11 648 
11 649 
11 650 
11 651 
11 652 
11 653 
11 654 
11 655 
11 656 
11 657 
11 658 
11 659 
11 660 
11 661 
11 662 
11 663 
11 664 
11 665 
11 666 
11 667 
11 668 
11 669 
11 670 
11 671 
11 672 
11 673 
11 674 
11 675 
11 676 
11 677 
11 678 
11 679 
11 680 
11 681 
11 682 
11 683 
11 684 
11 685 
11 686 
11 687 
11 688 
11 689 
11 690 
11 691 
11 692 
11 693 
11 694 
11 695 
11 696 
11 697 
11 698 
11 699 
11 700 
11 701 
11 702 
11 703 
11 704 
11 705 
11 706 
11 707 
11 708 
11 709 
11 710 
11 711 
11 712 
11 713 
11 714 
11 715 
11 716 
11 717 
11 718 
11 719 
11 720 
11 721 
11 722 
11 723 
11 724 
11 725 
11 726 
11 727 
11 728 
11 729 
11 730 
11 731 
11 732 
11 733 
11 734 
11 735 
11 736 
11 737 
11 738 
11 739 
11 740 
11 741 
11 742 
11 743 
11 744 
11 745 
11 746 
11 747 
11 748 
11 749 
11 750 
11 751 
11 752 
11 753 
11 754 
11 755 
11 756 
11 757 
11 758 
11 759 
11 760 
11 761 
11 762 
11 763 
11 764 
11 765 
11 766 
11 767 
11 768 
11 769 
11 770 
11 771 
11 772 
11 773 
11 774 
11 775 
11 776 
11 777 
11 778 
11 779 
11 780 
11 781 
11 782 
11 783 
11 784 
11 785 
11 786 
11 787 
11 788 
11 789 
11 790 
11 791 
11 792 
11 793 
11 794 
11 795 
11 796 
11 797 
11 798 
11 799 
11 800 
11 801 
11 802 
11 803 
11 804 
11 805 
11 806 
11 807 
11 808 
11 809 
11 810 
11 811 
11 812 
11 813 
11 814 
11 815 
11 816 
11 817 
11 818 
11 819 
11 820 
11 821 
11 822 
11 823 
11 824 
11 825 
11 826 
11 827 
11 828 
11 829 
11 830 
11 831 
11 832 
11 833 
11 834 
11 835 
11 836 
11 837 
11 838 
11 839 
11 840 
11 841 
11 842 
11 843 
11 844 
11 845 
11 846 
11 847 
11 848 
11 849 
11 850 
11 851 
11 852 
11 853 
11 854 
11 855 
11 856 
11 857 
11 858 
11 859 
11 860 
11 861 
11 862 
11 863 
11 864 
11 865 
11 866 
11 867 
11 868 
11 869 
11 870 
11 871 
11 872 
11 873 
11 874 
11 875 
11 876 
11 877 
11 878 
11 879 
11 880 
11 881 
11 882 
11 883 
11 884 
11 885 
11 886 
11 887 
11 888 
11 889 
11 890 
11 891 
11 892 
11 893 
11 894 
11 895 
11 896 
11 897 
11 898 
11 899 
11 900 
11 901 
11 902 
11 903 
11 904 
11 905 
11 906 
11 907 
11 908 
11 909 
11 910 
11 911 
11 912 
11 913 
11 914 
11 915 
11 916 
11 917 
11 918 
11 919 
11 920 
11 921 
11 922 
11 923 
11 924 
11 925 
11 926 
11 927 
11 928 
11 929 
11 930 
11 931 
11 932 
11 933 
11 934 
11 935 
11 936 
11 937 
11 938 
11 939 
11 940 
11 941 
11 942 
11 943 
11 944 
11 945 
11 946 
11 947 
11 948 
11 949 
11 950 
11 951 
11 952 
11 953 
11 954 
11 955 
11 956 
11 957 
11 958 
11 959 
11 960 
11 961 
11 962 
11 963 
11 964 
11 965 
11 966 
11 967 
11 968 
11 969 
11 970 
11 971 
11 972 
11 973 
11 974 
11 975 
11 976 
11 977 
11 978 
11 979 
11 980 
11 981 
11 982 
11 983 
11 984 
11 985 
11 986 
11 987 
11 988 
11 989 
11 990 
11 991 
11 992 
11 993 
11 994 
11 995 
11 996 
11 997 
11 998 
11 999 
11 1000 
11 1001 
11 1002 
11 1003 
11 1004 
11 1005 
11 1006 
11 1007 
11 1008 
11 1009 
11 1010 
11 1011 
11 1012 
11 1013 
11 1014 
11 1015 
11 1016 
11 1017 
11 1018 
11 1019 
11 1020 
11 1021 
11 1022 
11 1023 
11 1024 
11 1025 
11 1026 
11 1027 
11 1028 
11 1029 
11 1030 
11 1031 
11 1032 
11 1033 
11 1034 
11 1035 
11 1036 
11 1037 
11 1038 
11 1039 
11 1040 
11 1041 
11 1042 
11 1043 
11 1044 
11 1045 
11 1046 
11 81 
11 1047 
11 1048 
11 1049 
11 1050 
11 1051 
11 1052 
11 1053 
11 1054 
11 1055 
11 1056 
11 1057 
11 1058 
11 1059 
11 1060 
11 1061 
11 1062 
11 1063 
11 1064 
11 1065 
11 1066 
11 1067 
11 1068 
11 1069 
11 1070 
11 1071 
11 1072 
11 1073 
11 1074 
11 1075 
11 1076 
11 1077 
11 1078 
11 1079 
11 1080 
11 1081 
11 1082 
11 1083 
11 1084 
11 1085 
11 1086 
11 1087 
11 1088 
11 1089 
11 1090 
11 1091 
11 1092 
11 1093 
11 1094 
11 1095 
11 1096 
11 1097 
11 1098 
11 1099 
11 1100 
11 1101 
11 1102 
11 1103 
11 1104 
11 1105 
11 1106 
11 1107 
11 1108 
11 1109 
11 1110 
11 1111 
11 1112 
11 1113 
11 1114 
11 1115 
11 1116 
11 1117 
11 1118 
11 1119 
11 1120 
11 1121 
11 1122 
11 1123 
11 1124 
11 1125 
11 1126 
11 1127 
11 1128 
11 1129 
11 1130 
11 1131 
11 1132 
11 1133 
11 1134 
11 1135 
11 1136 
11 1137 
11 1138 
11 1139 
11 1140 
11 1141 
11 1142 
11 1143 
11 1144 
11 1145 
11 1146 
11 1147 
11 1148 
11 1149 
11 1150 
11 1151 
11 1152 
11 1153 
11 1154 
11 1155 
11 1156 
11 1157 
11 1158 
11 1159 
11 1160 
11 1161 
11 1162 
11 1163 
11 1164 
11 1165 
11 1166 
11 1167 
11 1168 
11 1169 
11 1170 
11 1171 
11 1172 
11 1173 
11 1174 
11 1175 
11 1176 
11 1177 
11 1178 
11 1179 
11 1180 
11 1181 
11 1182 
11 1183 
11 1184 
11 1185 
11 1186 
11 1187 
11 1188 
11 1189 
11 1190 
11 1191 
11 1192 
11 1193 
11 1194 
11 1195 
11 1196 
11 1197 
11 1198 
11 1199 
11 1200 
11 1201 
11 1202 
11 1203 
11 1204 
11 1205 
11 1206 
11 1207 
11 1208 
11 1209 
11 1210 
11 1211 
11 1212 
11 1213 
11 1214 
11 1215 
11 1216 
11 1217 
11 1218 
11 1219 
11 1220 
11 1221 
11 1222 
11 1223 
11 1224 
11 1225 
11 1226 
11 1227 
11 1228 
11 1229 
11 1230 
11 1231 
11 1232 
11 1233 
11 1234 
11 1235 
11 1236 
11 1237 
11 1238 
11 1239 
11 1240 
11 1241 
11 1242 
11 1243 
11 1244 
11 1245 
11 1246 
11 1247 
11 1248 
11 1249 
11 1250 
11 1251 
11 1252 
11 1253 
11 1254 
11 1255 
11 1256 
11 1257 
11 1258 
11 1259 
11 1260 
11 1261 
11 1262 
11 1263 
11 1264 
11 298 
11 1265 
11 1266 
11 1267 
11 1268 
11 1269 
11 1270 
11 1271 
11 1272 
11 1273 
11 1274 
11 1275 
11 1276 
11 1277 
11 1278 
11 1279 
11 1280 
11 1281 
11 1282 
11 1283 
11 1284 
11 1285 
11 1286 
11 1287 
11 1288 
11 1289 
11 1290 
11 1291 
11 1292 
11 1293 
11 1294 
11 1295 
11 1296 
11 1297 
11 1298 
11 1299 
11 1300 
11 1301 
11 1302 
11 1303 
11 1304 
11 1305 
11 1306 
11 1307 
11 1308 
11 1309 
11 1310 
11 1311 
11 1312 
11 1313 
11 1314 
11 1315 
11 1316 
11 1317 
11 1318 
11 1319 
11 1320 
11 1321 
11 1322 
11 1323 
11 1324 
11 1325 
11 1326 
11 1327 
11 1328 
11 1329 
11 1330 
11 1331 
11 1332 
11 1333 
11 1334 
11 1335 
11 1336 
11 1337 
11 1338 
11 1339 
11 1340 
11 1341 
11 1342 
11 1343 
11 1344 
11 1345 
11 1346 
11 1347 
11 1348 
11 1349 
11 1350 
11 1351 
11 1352 
11 1353 
11 1354 
11 1355 
11 1356 
11 1357 
11 1358 
11 1359 
11 1360 
11 1361 
11 1362 
11 1363 
11 1364 
11 1365 
11 1366 
11 1367 
11 1368 
11 1369 
11 1370 
11 1371 
11 1372 
11 1373 
11 1374 
11 1375 
1021 11 
1021 513 
1021 745 
1021 759 
1021 790 
1021 844 
1021 873 
1021 979 
1021 993 
1021 1003 
1021 81 
1021 1063 
1021 1095 
1021 1376 
1021 1377 
1021 1378 
1021 1379 
1021 1380 
1021 1381 
1021 1382 
1021 1383 
1021 1384 
1021 1385 
1021 1386 
1021 1387 
1021 1388 
1021 1389 
1021 1390 
1021 1391 
1021 1392 
1021 1393 
1021 1394 
1021 1395 
1021 1396 
1021 1397 
1021 1398 
1021 1399 
1021 1400 
1021 1401 
1021 1402 
1021 1403 
1021 1404 
1021 1405 
1021 1406 
1021 1407 
1021 1408 
1021 1409 
1021 1410 
1021 1411 
1021 1412 
1021 1413 
1021 1414 
1021 1415 
1021 1416 
1021 1417 
1021 1418 
1021 1419 
1021 1420 
1021 1421 
1021 1422 
1021 1423 
1021 1424 
1021 1425 
1021 1426 
1021 1427 
1021 1428 
1021 1429 
1021 1430 
1021 1431 
1021 1432 
1021 1433 
1021 1434 
1021 1435 
1021 1436 
1021 1437 
1021 1438 
1021 1439 
1021 1440 
1021 1441 
1021 1442 
1021 1443 
1021 1444 
1021 1445 
1021 1446 
1021 1447 
1021 1448 
1021 1449 
1021 1450 
1021 1451 
1021 1452 
1021 1453 
1021 1454 
1021 1455 
1021 1456 
1021 1457 
1021 1458 
1021 1459 
1021 1460 
1021 1461 
1021 1462 
1021 1463 
1021 1464 
1021 1465 
1021 1466 
1021 1467 
1021 1468 
1021 1469 
1021 1470 
1021 1471 
1021 1472 
1021 1473 
1021 1474 
1021 1475 
1021 1476 
1021 1477 
1021 1478 
1021 1479 
1021 1480 
1021 1481 
1021 1482 
1021 1483 
1021 1484 
1021 1485 
1021 1486 
1021 1487 
1021 1488 
1021 1489 
1021 1490 
1021 1491 
1021 1492 
1021 1493 
1021 1494 
1021 1495 
1021 1496 
1021 1497 
1021 1498 
1021 1499 
1021 1500 
1021 1501 
1021 1502 
1021 1503 
1021 1504 
1021 1505 
1021 1506 
1021 1507 
1021 1508 
1021 1509 
1021 1510 
1021 1511 
1021 1512 
1021 1513 
1021 1514 
1021 1515 
1021 1516 
1021 1517 
1021 1518 
1021 1519 
1021 1520 
1021 1521 
1021 1522 
1021 1523 
1021 1524 
1021 1525 
1021 1526 
1021 1527 
1021 1528 
1021 1529 
1021 1530 
1021 1531 
1021 1532 
1021 1533 
1021 1534 
1021 1535 
1021 1536 
1021 1537 
1021 1538 
1021 1539 
1021 1540 
1021 1541 
1021 1542 
1021 1543 
1021 1544 
1021 1545 
1021 1546 
1021 1547 
1021 1548 
1021 1549 
1021 1550 
1021 1551 
1021 1552 
1021 1553 
1021 1554 
1021 1555 
1021 1556 
1021 1557 
1021 1558 
1021 1559 
1021 1560 
1021 1561 
1021 1562 
1021 1563 
1021 1564 
1021 1565 
1021 1566 
1021 1567 
1021 1568 
1021 1569 
1021 1570 
1021 1571 
1021 1572 
1021 1573 
1021 1574 
1021 1575 
1021 1576 
1021 1577 
1021 1578 
1021 1579 
1021 1580 
1021 1581 
1021 1582 
1021 1583 
1021 1584 
1021 1585 
1021 1586 
1021 1587 
1021 1588 
1021 1589 
1021 1590 
1021 1591 
1021 1592 
1021 1593 
1021 1594 
1021 1595 
1021 1596 
1021 1597 
1021 1598 
1021 1599 
1021 1600 
1021 1601 
1021 1602 
1021 1603 
1021 1604 
1021 1605 
1021 1606 
1021 1607 
1021 1608 
1021 1609 
1021 1610 
1021 1611 
1021 1612 
1021 1613 
1021 1614 
1021 1615 
1021 1616 
1021 1617 
1021 1618 
1021 1619 
1021 1620 
1021 1621 
1021 1622 
1021 1623 
1021 1624 
1021 1625 
1021 1626 
1021 1627 
1021 1628 
1021 1629 
1021 1630 
1021 1631 
1021 1632 
1021 1633 
1021 1634 
1021 1635 
1021 1636 
1021 1637 
1021 1638 
1021 1639 
1021 1640 
1021 1641 
1021 1642 
1021 1643 
1021 1644 
1021 1645 
1021 1646 
1021 1647 
1021 1648 
1021 1649 
1021 1650 
1021 1651 
1021 1652 
1021 1653 
1021 1654 
1021 1655 
1021 1656 
1021 1657 
1021 1658 
1021 1659 
1021 1660 
1021 1661 
1021 1662 
1021 1663 
1021 1664 
1021 1665 
1021 1666 
1021 1667 
1021 1668 
1021 1669 
1021 1670 
1021 1671 
1021 1672 
1021 1673 
1021 1674 
1021 1675 
1021 1676 
1021 1677 
1021 1678 
1021 1679 
1021 1680 
1021 1681 
1021 1682 
1021 1683 
1021 1684 
1021 1685 
1021 1686 
1021 1687 
1021 1688 
1021 1689 
1021 1690 
1021 1691 
1021 1692 
1021 1693 
1021 1694 
1021 1695 
1021 1696 
1021 1697 
1021 1698 
1021 1699 
1021 1700 
1021 1701 
1021 1702 
1021 1703 
1021 1704 
1021 1705 
1021 1706 
1021 1707 
1021 1708 
1021 1709 
1021 1710 
1021 1711 
1021 1712 
1021 1713 
1021 1714 
1021 1715 
1021 1716 
1021 1717 
1021 1718 
1021 1719 
1021 1720 
1021 1721 
1021 1722 
1021 1723 
1021 1724 
1021 1725 
1021 1726 
1021 1727 
1021 1728 
1021 1729 
1021 1730 
1021 1731 
1021 1732 
1021 1733 
1021 1734 
1021 1735 
1021 1736 
1021 1737 
1021 1738 
1021 1739 
1021 1740 
1021 1741 
1021 1742 
1021 1743 
1021 1744 
1021 1745 
1021 1746 
1021 1747 
1021 1748 
1021 1749 
1021 1750 
1021 1751 
1021 1752 
1021 1753 
1021 1754 
1021 1755 
1021 1756 
1021 1757 
1021 1758 
1021 1759 
1021 1760 
1021 1761 
1021 1762 
1021 1763 
1021 1764 
1021 1765 
1021 1766 
1021 1767 
1021 1768 
1021 1769 
1021 1770 
1021 1771 
1021 1772 
1021 1773 
1021 1774 
1021 1775 
1021 1776 
1021 1777 
1021 1778 
1021 1779 
1021 1780 
1021 1781 
1021 1782 
1021 1783 
1021 1784 
1021 1785 
1021 1786 
1021 1787 
1021 1788 
1021 1789 
1021 1790 
1021 1791 
1021 1792 
1021 1793 
1021 1794 
1021 1795 
1021 1796 
1021 1797 
1021 1798 
1021 1799 
1021 1800 
1021 1801 
1021 1802 
1021 1803 
1021 1804 
1021 1805 
1021 1806 
1021 1807 
1021 1808 
1021 1809 
1021 1810 
1021 1811 
1021 1812 
1021 1813 
1021 1814 
1021 1815 
1021 1816 
1021 1817 
1021 1818 
1021 1819 
1021 1820 
1021 1821 
1021 1822 
1021 1823 
1021 1824 
1021 1825 
1021 1826 
1021 1827 
1021 1828 
1021 1829 
1021 1830 
1021 1831 
1021 1832 
1021 1833 
1021 1834 
1021 1835 
1021 1836 
1021 1837 
1021 1838 
1021 1839 
1021 1840 
1021 1841 
1021 1842 
1021 1843 
1021 1844 
1021 1845 
1021 1846 
1021 1847 
1021 1848 
1021 1849 
1021 1850 
1021 1851 
1021 1852 
1021 1853 
1021 1854 
1021 1855 
1021 1856 
1021 1857 
1021 1858 
1021 1859 
1021 1860 
1021 1861 
1021 1862 
1021 1863 
1021 1864 
1021 1865 
1021 1866 
1021 1867 
1021 1868 
1021 1869 
1021 1870 
1021 1871 
1021 1872 
1021 1873 
1021 1874 
1021 1875 
1021 1876 
1021 1877 
1021 1878 
1021 1879 
1021 1880 
1021 1881 
1021 1882 
1021 1883 
1021 1884 
1021 1885 
1021 1886 
1021 1887 
1021 1888 
1021 1889 
1021 1890 
1021 1891 
1021 1892 
1021 1893 
1021 1894 
1021 1895 
1021 1896 
1021 1897 
1021 1898 
1021 1899 
1021 1900 
1021 1901 
1021 1902 
1021 1903 
1021 1904 
1021 1905 
1021 1906 
1021 1907 
1021 1908 
1021 1909 
1021 1910 
1021 1911 
1021 1912 
1021 1913 
1021 1914 
1021 1915 
1021 1916 
1021 1917 
1021 1918 
1021 1919 
1021 1920 
1021 1921 
1021 1922 
1021 1923 
1021 1924 
1021 1925 
1021 1926 
1021 1927 
1021 1928 
1021 1929 
1021 1930 
1021 1931 
1021 1932 
1021 1933 
1021 1934 
1021 1935 
1021 1936 
1021 1937 
1021 1938 
1021 1939 
1021 1940 
1021 1941 
1021 1942 
1021 1943 
1021 1944 
1021 1945 
1021 1946 
1021 1947 
1021 1948 
1021 1949 
1021 1950 
1021 1951 
1021 1952 
1021 1953 
1021 1954 
1021 1955 
1021 1956 
1021 1957 
1021 1958 
1021 1959 
1021 1960 
1021 1961 
1021 1962 
1021 1963 
1021 1964 
1021 1965 
1021 1966 
1021 1967 
1021 1968 
1021 1969 
1021 1970 
1021 1971 
1021 1972 
1021 1973 
1021 1974 
1021 1975 
1021 1976 
1021 1977 
1021 1978 
1021 1979 
1021 1980 
1021 1981 
1021 1982 
1021 1983 
1021 1984 
1021 1985 
1021 1986 
1021 1987 
1021 1988 
1021 1989 
1021 1990 
1021 1991 
1021 1992 
1021 1993 
1021 1994 
1021 1995 
1021 1996 
1021 1997 
1021 1998 
1021 1999 
1021 2000 
1021 2001 
1021 2002 
1021 2003 
1021 2004 
1021 2005 
1021 2006 
1021 2007 
1021 2008 
1021 2009 
1021 2010 
1021 2011 
1021 2012 
1021 2013 
1021 2014 
1021 2015 
1021 2016 
1021 2017 
1021 2018 
1021 2019 
1021 2020 
1021 2021 
1021 2022 
1021 2023 
1021 2024 
1021 2025 
1021 2026 
1021 2027 
1021 2028 
1021 2029 
1021 2030 
1021 2031 
1021 2032 
1021 2033 
1021 2034 
1021 2035 
1021 2036 
1021 2037 
1021 2038 
1021 2039 
1021 2040 
1021 2041 
1021 2042 
1021 2043 
1021 2044 
1021 2045 
1021 2046 
1021 2047 
1021 2048 
1021 2049 
1021 2050 
1021 2051 
1021 2052 
1021 2053 
1021 2054 
1021 2055 
1021 2056 
1021 2057 
1021 2058 
1021 2059 
1021 2060 
1021 2061 
1021 2062 
1021 2063 
1021 2064 
1021 2065 
1021 2066 
1021 2067 
1021 2068 
1021 2069 
1021 2070 
1021 2071 
1021 2072 
1021 2073 
1021 2074 
1021 2075 
1021 2076 
1021 2077 
1021 2078 
1021 2079 
1021 2080 
1021 2081 
1021 2082 
1021 2083 
1021 2084 
1021 2085 
1021 2086 
1021 2087 
1021 2088 
1021 2089 
1021 2090 
1021 2091 
1021 2092 
1021 2093 
1021 2094 
1021 2095 
1021 2096 
1021 2097 
1021 2098 
1021 2099 
1021 2100 
1021 2101 
1021 2102 
1021 2103 
1021 2104 
1021 2105 
1021 2106 
1021 2107 
1021 2108 
1021 2109 
1021 2110 
1021 2111 
1021 2112 
1021 2113 
1021 2114 
1021 2115 
1021 2116 
1021 2117 
1021 2118 
1021 2119 
1021 2120 
1021 2121 
1021 2122 
1021 2123 
1021 2124 
1021 2125 
1021 2126 
1021 2127 
1021 2128 
1021 2129 
1021 2130 
1021 2131 
1021 2132 
1021 2133 
1021 2134 
1021 2135 
1021 2136 
1021 2137 
1021 2138 
1021 2139 
1021 2140 
1021 2141 
1021 2142 
1021 2143 
1021 2144 
1021 2145 
1021 2146 
1021 2147 
1021 2148 
1021 2149 
1021 2150 
1021 2151 
1021 298 
1021 2152 
1021 1366 
2153 42 
2153 805 
2153 915 
2153 1055 
2153 2154 
2153 2155 
2153 2156 
2153 2157 
2153 2158 
2153 2159 
2153 2160 
2153 2161 
2153 2162 
2153 2163 
2153 2164 
2153 2165 
2153 2166 
2153 2167 
2153 2168 
2153 2169 
2153 2170 
2153 2171 
2153 2172 
2153 2173 
2153 2174 
2153 2175 
2153 2176 
2153 2177 
2153 2178 
2153 2179 
2153 2180 
2153 2181 
2153 2182 
2153 2183 
2153 2184 
2153 2185 
2153 2186 
2153 2187 
2153 2188 
2153 2189 
2153 2190 
2153 2191 
2153 2192 
2153 2193 
2153 2194 
2153 2195 
2153 2196 
2153 2197 
2153 2198 
2153 2199 
2153 2200 
2153 2201 
2153 2202 
2153 2203 
2153 2204 
2153 2205 
2153 2206 
2153 2207 
2153 2208 
2153 2209 
2153 2210 
2153 2211 
2153 2212 
2153 2213 
2153 2214 
2153 2215 
2153 2216 
2153 2217 
2153 2218 
2153 2219 
2153 2220 
2153 2221 
2153 2222 
2153 2223 
2153 2224 
2153 2225 
2153 2226 
2153 2227 
2153 2228 
2153 2229 
2153 2230 
2153 2231 
2153 2232 
2153 2233 
2153 2234 
2153 2235 
2153 2236 
2153 2237 
2153 2238 
2153 2239 
2153 2240 
2153 2241 
2153 2242 
2153 2243 
2153 2244 
2153 2245 
2153 2246 
2153 2247 
2153 2248 
2153 2249 
2153 2250 
2153 2251 
2153 2252 
2153 2253 
2153 2254 
2153 2255 
2153 2256 
2153 2257 
2153 2258 
2153 2259 
2153 2260 
2153 2261 
2153 2262 
2153 2263 
2153 2264 
2153 2265 
2153 2266 
2153 2267 
2153 2268 
2153 2269 
2153 2270 
2153 2271 
2153 2272 
2153 2273 
2153 2274 
2153 2275 
2153 2276 
2153 2277 
2153 2278 
2153 2279 
2153 2280 
2153 2281 
2153 2282 
2153 2283 
2153 2284 
2153 2285 
2153 2286 
2153 2287 
2153 2288 
2153 2289 
2153 2290 
2153 2291 
2153 2292 
2153 2293 
2153 2294 
2153 2295 
2153 2296 
2153 2297 
2153 2298 
2153 2299 
2153 2300 
2153 2301 
2153 2302 
2153 2303 
2153 2304 
2153 2305 
2153 2306 
2153 2307 
2153 2308 
2153 2309 
2153 2310 
2153 2311 
2153 2312 
2153 2313 
2153 2314 
2153 2315 
2153 2316 
2153 2317 
2153 2318 
2153 2319 
2153 2320 
2153 2321 
2153 2322 
2153 2323 
2153 2324 
2153 2325 
2153 2326 
2153 2327 
2153 2328 
2153 2329 
2153 2330 
2153 2331 
2153 2332 
2153 2333 
2153 2334 
2153 2335 
2153 2336 
2153 2337 
2153 2338 
2153 2339 
2153 2340 
2153 2341 
2153 2342 
2153 2343 
2153 2344 
2153 2345 
2153 2346 
2153 2347 
2153 2348 
2153 2349 
2153 2350 
2153 2351 
2153 2352 
2153 2353 
2153 2354 
2153 2355 
2153 2356 
2153 2357 
2153 2358 
2153 2359 
2153 2360 
2153 2361 
2153 2362 
2153 2363 
2153 2364 
2153 2365 
2153 2366 
2153 2367 
2153 2368 
2153 2369 
2153 2370 
2153 2371 
2153 2372 
2153 2373 
2153 2374 
2153 2375 
2153 2376 
2153 2377 
2153 2378 
2153 2379 
2153 2380 
2153 2381 
2153 2382 
2153 2383 
2153 2384 
2153 2385 
2153 2386 
2153 2387 
2153 2388 
2153 2389 
2153 2390 
2153 2391 
2153 2392 
2153 2393 
2153 2394 
2153 2395 
2153 2396 
2153 2397 
2153 2398 
2153 2399 
2153 2400 
2153 2401 
2153 2402 
2153 2403 
2153 2404 
2153 2405 
2153 2406 
2153 2407 
2153 2408 
2153 2409 
2153 2410 
2153 2411 
2153 2412 
2153 2413 
2153 2414 
2153 2415 
2153 2416 
2153 2417 
2153 2418 
2153 2419 
2153 2420 
2153 2421 
2153 2422 
2153 2423 
2153 2424 
2153 2425 
2153 2426 
2153 2427 
2153 2428 
2153 2429 
2153 2430 
2153 2431 
2153 2432 
2153 2433 
2153 2434 
2153 2435 
2153 2436 
2153 2437 
2153 2438 
2153 2439 
2153 2440 
2153 2441 
2153 2442 
2153 2443 
2153 2444 
2153 2445 
2153 2446 
2153 2447 
2153 2448 
2153 2449 
2153 2450 
2153 2451 
2153 2452 
2153 2453 
2153 2454 
2153 2455 
2153 2456 
2153 2457 
2153 2458 
2153 2459 
2153 2460 
2153 2461 
2153 2462 
2153 2463 
2153 2464 
2153 2465 
2153 2466 
2153 2467 
2153 2468 
2153 2469 
2153 2470 
2153 2471 
2153 2472 
2153 2473 
2153 2474 
2153 2475 
2153 2476 
2153 2477 
2153 2478 
2153 2479 
2153 2480 
2153 2481 
2153 2482 
2153 2483 
2153 2484 
2153 2485 
2153 2486 
2153 2487 
2153 2488 
2153 2489 
2153 2490 
2153 2491 
2153 2492 
2153 2493 
2153 2494 
2153 2495 
2153 2496 
2153 2497 
2153 2498 
2153 2499 
2153 2500 
2153 2501 
2153 2502 
2153 2503 
2153 2504 
2153 2505 
2153 2506 
2153 2507 
2153 2508 
2153 2509 
2153 2510 
2153 2511 
2153 2512 
2153 2513 
2153 2514 
2153 2515 
2153 2516 
2153 2517 
2153 2518 
2153 2519 
2153 2520 
2153 2521 
2153 2522 
2153 2523 
2153 2524 
2153 2525 
2153 2526 
2153 2527 
2153 2528 
2153 2529 
2153 2530 
2153 2531 
2153 2532 
2153 2533 
2153 2534 
2153 2535 
2153 2536 
2153 2537 
2153 2538 
2153 2539 
2153 2540 
2153 2541 
2153 2542 
2153 2543 
2153 2544 
2153 2545 
2153 2546 
2153 2547 
2153 2548 
2153 2549 
2153 2550 
2153 2551 
2153 2552 
2153 2553 
2153 2554 
2153 2555 
2153 2556 
2153 2557 
2153 2558 
2153 2559 
2153 2560 
2153 2561 
2153 2562 
2153 2563 
2153 2564 
2153 2565 
2153 2566 
2153 2567 
2153 2568 
2153 2569 
2153 2570 
2153 2571 
2153 2572 
2153 2573 
2153 2574 
2153 2575 
2153 2576 
2153 2577 
2153 2578 
2153 2579 
2153 2580 
2153 2581 
2153 2582 
2153 2583 
2153 2584 
2153 2585 
2153 2586 
2153 2587 
2153 2588 
2153 2589 
2153 2590 
2153 2591 
2153 2592 
2153 2593 
2153 2594 
2153 2595 
2153 2596 
2153 2597 
2153 2598 
2153 2599 
2153 2600 
2153 2601 
2153 2602 
2153 2603 
2153 2604 
2153 2605 
2153 2606 
2153 2607 
2153 2608 
2153 2609 
2153 2610 
2153 2611 
2153 2612 
2153 2613 
2153 2614 
2153 2615 
2153 2616 
2153 2617 
2153 2618 
2153 2619 
2153 2620 
2153 2621 
2153 2622 
2153 2623 
2153 2624 
2153 2625 
2153 2626 
2153 2627 
2153 2628 
2153 2629 
2153 2630 
2153 2631 
2153 2632 
2153 2633 
2153 2634 
2153 2635 
2153 2636 
2153 2637 
2153 2638 
2153 2639 
2153 2640 
2153 2641 
2153 2642 
2153 2643 
2153 2644 
2153 2645 
2153 2646 
2153 2647 
2153 2648 
2153 2649 
2153 2650 
2153 2651 
2153 2652 
2153 2653 
2153 2654 
2153 2655 
2153 2656 
2153 2657 
2153 2658 
2153 2659 
2153 2660 
2153 2661 
2153 2662 
2153 2663 
2153 2664 
2153 2665 
2153 2666 
2153 2667 
2153 2668 
2153 2669 
2153 2670 
2153 2671 
2153 2672 
2153 2673 
2153 2674 
2153 2675 
2153 2676 
2153 2677 
2153 2678 
2153 2679 
2153 2680 
2153 2681 
2153 2682 
2153 2683 
2153 2684 
2153 2685 
2153 2686 
2153 2687 
2153 2688 
2153 2689 
2153 2690 
2153 2691 
2153 2692 
2153 2693 
2153 2694 
2153 2695 
2153 2696 
2153 2697 
2153 2698 
2153 2699 
2153 2700 
2153 2701 
2153 2702 
2153 2703 
2153 2704 
2153 2705 
2153 2706 
2153 2707 
2153 2708 
2153 2709 
2153 2710 
2153 2711 
2153 2712 
2153 2713 
2153 2714 
2153 2715 
2153 2716 
2153 2717 
2153 2718 
2153 2719 
2153 2720 
2153 2721 
2153 2722 
2153 2723 
2153 2724 
2153 2725 
2153 2726 
2153 2727 
2153 2728 
2153 2729 
2153 2730 
2153 2731 
2153 2732 
2153 2733 
2153 2734 
2153 2735 
2153 2736 
2153 2737 
2153 2738 
2153 2739 
2153 2740 
2153 2741 
2153 2742 
2153 2743 
2153 2744 
2153 2745 
2153 2746 
2153 2747 
2153 2748 
2153 2749 
2153 2750 
2153 2751 
2153 2752 
2153 2753 
2153 2754 
2153 2755 
2153 2756 
2153 2757 
2153 2758 
2153 2759 
2153 2760 
2153 2761 
2153 2762 
2153 2763 
2153 2764 
2153 2765 
2153 2766 
2153 2767 
2153 2768 
2153 2769 
2153 2770 
2153 2771 
2153 2772 
2153 2773 
2153 2774 
2153 2775 
2153 2776 
2153 2777 
2153 2778 
2153 2779 
2153 2780 
2153 2781 
2153 2782 
2153 2783 
2153 2784 
2153 2785 
2153 2786 
2153 2787 
2153 2788 
2153 2789 
2153 2790 
2153 2791 
2153 2792 
2153 2793 
2153 2794 
2153 2795 
2153 2796 
2153 2797 
2153 2798 
2153 2799 
2153 2800 
2153 2801 
2153 2802 
2153 2803 
2153 2804 
2153 2805 
2153 2806 
2153 2807 
2153 2808 
2153 2809 
2153 2810 
2153 2811 
2153 2812 
2153 2813 
2153 2814 
2153 2815 
2153 2816 
2153 2817 
2153 2818 
2153 2819 
2153 2820 
2153 2821 
2153 2822 
2153 2823 
2153 2824 
2153 2825 
2153 2826 
2153 2827 
2153 2828 
2153 2829 
2153 2830 
2153 2831 
2153 2832 
2153 2833 
2153 2834 
2153 2835 
2153 2836 
2153 2837 
2153 2838 
2153 2839 
2153 2840 
2153 2841 
2153 2842 
2153 2843 
2153 2844 
2153 2845 
2153 2846 
2153 2847 
2153 2848 
2153 2849 
2153 2850 
2153 2851 
2153 2852 
2153 2853 
2153 2854 
2153 2855 
2153 2856 
2153 2857 
2153 2858 
2153 2859 
2153 2860 
2153 2861 
2153 2862 
2153 2863 
2153 2864 
2153 2865 
2153 2866 
2153 2867 
2153 2868 
2153 2869 
2153 2870 
2153 2871 
2153 2872 
2153 2873 
2153 2874 
2153 2875 
2153 2876 
2153 2877 
2153 2878 
2153 2879 
2153 2880 
2153 2881 
2153 2882 
2153 2883 
2153 2884 
2153 2885 
2153 2886 
2153 2887 
2153 2888 
2153 2889 
2153 2890 
2153 2891 
2153 2892 
2153 2893 
2153 2894 
2153 2895 
2153 2896 
2153 2897 
2153 1256 
2153 1263 
2153 298 
2898 429 
2898 2899 
2898 2900 
2898 2901 
2898 2902 
2898 2903 
2898 2904 
2898 2905 
2898 2906 
2898 2907 
2898 2908 
2898 2909 
2898 2910 
2898 2911 
2898 2912 
2898 2913 
2898 2914 
2898 2915 
2898 2916 
2898 2917 
2898 2918 
2898 2919 
2898 2920 
2898 2921 
2898 2922 
2898 2923 
2898 2924 
2898 2925 
2898 2926 
2898 2927 
2898 2928 
2898 2929 
2898 2930 
2898 2931 
2898 2932 
2898 2933 
2898 2934 
2898 2935 
2898 2936 
2898 2937 
2898 2938 
2898 2939 
2898 2940 
2898 2941 
2898 2942 
2898 2943 
2898 2944 
2898 2945 
2898 2946 
2898 2947 
2898 2948 
2898 2949 
2898 2950 
2898 2951 
2898 2952 
2898 2953 
2898 2954 
2898 2955 
2898 2956 
2898 2957 
2898 2958 
2898 2959 
2898 2960 
2898 2961 
2898 2962 
2898 2963 
2898 2964 
2898 2965 
2898 2966 
2898 2967 
2898 2968 
2898 2969 
2898 2970 
2898 2971 
2898 2972 
2898 2973 
2898 2974 
2898 2975 
2898 2976 
2898 2977 
2898 2978 
2898 2979 
2898 2980 
2898 2981 
2898 2982 
2898 2983 
2898 2984 
2898 2985 
2898 2986 
2898 2987 
2898 2988 
2898 2989 
2898 2990 
2898 2991 
2898 2992 
2898 2993 
2898 2994 
2898 2995 
2898 2996 
2898 2997 
2898 2998 
2898 2999 
2898 3000 
2898 3001 
2898 3002 
2898 3003 
2898 3004 
2898 3005 
2898 3006 
2898 3007 
2898 3008 
2898 3009 
2898 3010 
2898 3011 
2898 3012 
2898 3013 
2898 3014 
2898 3015 
2898 3016 
2898 3017 
2898 3018 
2898 3019 
2898 3020 
2898 3021 
2898 3022 
2898 3023 
2898 3024 
2898 3025 
2898 3026 
2898 3027 
2898 3028 
2898 3029 
2898 3030 
2898 3031 
2898 3032 
2898 3033 
2898 3034 
2898 3035 
2898 3036 
2898 3037 
2898 3038 
2898 3039 
2898 3040 
2898 3041 
2898 3042 
2898 3043 
2898 3044 
2898 3045 
2898 3046 
2898 3047 
2898 3048 
2898 3049 
2898 3050 
2898 3051 
2898 3052 
2898 3053 
2898 3054 
2898 3055 
2898 3056 
2898 3057 
2898 3058 
2898 3059 
2898 3060 
2898 3061 
2898 3062 
2898 3063 
2898 3064 
2898 3065 
2898 3066 
2898 3067 
2898 3068 
2898 3069 
2898 3070 
2898 3071 
2898 3072 
2898 3073 
2898 3074 
2898 3075 
2898 3076 
2898 3077 
2898 3078 
2898 3079 
2898 3080 
2898 3081 
2898 3082 
2898 3083 
2898 3084 
2898 3085 
2898 3086 
2898 3087 
2898 3088 
2898 3089 
2898 3090 
2898 3091 
2898 3092 
2898 3093 
2898 3094 
2898 3095 
2898 3096 
2898 3097 
2898 3098 
2898 3099 
2898 3100 
2898 3101 
2898 3102 
2898 3103 
2898 3104 
2898 3105 
2898 3106 
2898 3107 
2898 3108 
2898 3109 
2898 3110 
2898 3111 
2898 3112 
2898 3113 
2898 3114 
2898 3115 
2898 3116 
2898 3117 
2898 3118 
2898 3119 
2898 3120 
2898 3121 
2898 3122 
2898 3123 
2898 3124 
2898 3125 
2898 3126 
2898 3127 
2898 3128 
2898 3129 
2898 3130 
2898 3131 
2898 3132 
2898 3133 
2898 3134 
2898 3135 
2898 3136 
2898 3137 
2898 3138 
2898 3139 
2898 3140 
2898 3141 
2898 3142 
2898 3143 
2898 3144 
2898 3145 
2898 3146 
2898 3147 
2898 3148 
2898 3149 
2898 3150 
2898 3151 
2898 3152 
2898 3153 
2898 3154 
2898 3155 
2898 3156 
2898 3157 
2898 3158 
2898 3159 
2898 3160 
2898 3161 
2898 3162 
2898 3163 
2898 3164 
2898 3165 
2898 3166 
2898 3167 
2898 3168 
2898 3169 
2898 3170 
2898 3171 
2898 3172 
2898 3173 
2898 3174 
2898 3175 
2898 3176 
2898 3177 
2898 3178 
2898 3179 
2898 3180 
2898 3181 
2898 3182 
2898 3183 
2898 3184 
2898 3185 
2898 3186 
2898 3187 
2898 3188 
2898 3189 
2898 3190 
2898 3191 
2898 3192 
2898 3193 
2898 3194 
2898 3195 
2898 3196 
2898 3197 
2898 3198 
2898 3199 
2898 3200 
2898 3201 
2898 3202 
2898 3203 
2898 3204 
2898 3205 
2898 3206 
2898 3207 
2898 3208 
2898 3209 
2898 3210 
2898 3211 
2898 3212 
2898 3213 
2898 3214 
2898 3215 
2898 3216 
2898 3217 
2898 3218 
2898 3219 
2898 3220 
2898 3221 
2898 3222 
2898 3223 
2898 3224 
2898 3225 
2898 3226 
2898 3227 
2898 3228 
2898 3229 
2898 3230 
2898 3231 
2898 3232 
2898 3233 
2898 3234 
2898 3235 
2898 3236 
2898 3237 
2898 3238 
2898 3239 
2898 3240 
2898 3241 
2898 3242 
2898 3243 
2898 3244 
2898 3245 
2898 3246 
2898 3247 
2898 3248 
2898 3249 
2898 3250 
2898 3251 
2898 3252 
2898 3253 
2898 3254 
2898 3255 
2898 3256 
2898 3257 
2898 3258 
2898 3259 
2898 3260 
2898 3261 
2898 3262 
2898 3263 
2898 3264 
2898 3265 
2898 3266 
2898 3267 
2898 3268 
2898 3269 
2898 3270 
2898 3271 
2898 3272 
2898 3273 
2898 3274 
2898 3275 
2898 3276 
2898 3277 
2898 3278 
2898 3279 
2898 3280 
2898 3281 
2898 3282 
2898 3283 
2898 3284 
2898 3285 
2898 3286 
2898 3287 
2898 3288 
2898 3289 
2898 3290 
2898 3291 
2898 3292 
2898 3293 
2898 3294 
2898 3295 
2898 3296 
2898 3297 
2898 3298 
2898 3299 
2898 3300 
2898 3301 
2898 3302 
2898 3303 
2898 3304 
2898 3305 
2898 3306 
2898 3307 
2898 3308 
2898 3309 
2898 3310 
2898 3311 
2898 3312 
2898 3313 
2898 3314 
2898 3315 
2898 3316 
2898 3317 
2898 3318 
2898 3319 
2898 3320 
2898 3321 
2898 3322 
2898 3323 
2898 3324 
2898 3325 
2898 3326 
2898 3327 
2898 3328 
2898 3329 
2898 3330 
2898 3331 
2898 3332 
2898 3333 
2898 3334 
2898 3335 
2898 3336 
2898 3337 
2898 3338 
2898 3339 
2898 3340 
2898 3341 
2898 3342 
2898 3343 
2898 3344 
2898 3345 
2898 3346 
2898 3347 
2898 3348 
2898 3349 
2898 3350 
2898 3351 
2898 3352 
2898 3353 
2898 3354 
2898 3355 
2898 3356 
2898 3357 
2898 3358 
2898 3359 
2898 3360 
2898 3361 
2898 3362 
2898 3363 
2898 3364 
2898 3365 
2898 3366 
2898 3367 
2898 3368 
2898 3369 
2898 3370 
2898 3371 
2898 3372 
2898 3373 
2898 3374 
2898 3375 
2898 3376 
2898 3377 
2898 3378 
2898 3379 
2898 3380 
2898 3381 
2898 3382 
2898 3383 
2898 3384 
2898 3385 
2898 3386 
2898 3387 
2898 3388 
2898 3389 
2898 3390 
2898 3391 
2898 3392 
2898 3393 
2898 3394 
2898 3395 
2898 3396 
2898 3397 
2898 3398 
2898 3399 
2898 3400 
2898 3401 
2898 3402 
2898 3403 
2898 3404 
2898 3405 
2898 3406 
2898 3407 
2898 3408 
2898 3409 
2898 3410 
2898 3411 
2898 3412 
2898 3413 
2898 3414 
2898 3415 
2898 3416 
2898 3417 
2898 3418 
2898 3419 
2898 3420 
2898 3421 
2898 3422 
2898 3423 
2898 3424 
2898 3425 
2898 3426 
2898 3427 
2898 3428 
2898 3429 
2898 3430 
2898 3431 
1248 83 
1248 109 
1248 265 
1248 3432 
1248 3433 
1248 3434 
1248 3435 
1248 1249 
1248 3436 
1248 3437 
1248 3438 
1248 3439 
1248 3440 
1248 3441 
1248 3442 
1248 3443 
1248 3444 
1248 1250 
1248 3445 
1248 3446 
1248 1251 
1248 3447 
1248 3448 
1248 3449 
1248 3450 
1248 3451 
1248 3452 
1248 3453 
1248 3454 
1248 3455 
1248 1252 
1248 3456 
1248 3457 
1248 3458 
1248 3459 
1248 3460 
1248 3461 
1248 3462 
1248 3463 
1248 3464 
1248 3465 
1248 3466 
1248 3467 
1248 1253 
1248 3468 
1248 3469 
1248 3470 
1248 3471 
1248 3472 
1248 3473 
1248 3474 
1248 3475 
1248 3476 
1248 3477 
1248 3478 
1248 3479 
1248 3480 
1248 3481 
1248 3482 
1248 3483 
1248 3484 
1248 3485 
1248 3486 
1248 3487 
1248 3488 
1248 3489 
1248 3490 
1248 3491 
1248 1254 
1248 3492 
1248 3493 
1248 3494 
1248 3495 
1248 3496 
1248 1255 
1248 3497 
1248 3498 
1248 3499 
1248 3500 
1248 3501 
1248 3502 
1248 3503 
1248 1256 
1248 3504 
1248 3505 
1248 3506 
1248 3507 
1248 3508 
1248 3509 
1248 3510 
1248 3511 
1248 3512 
1248 3513 
1248 3514 
1248 3515 
1248 3516 
1248 3517 
1248 3518 
1248 3519 
1248 3520 
1248 3521 
1248 3522 
1248 3523 
1248 3524 
1248 3525 
1248 3526 
1248 3527 
1248 3528 
1248 3529 
1248 3530 
1248 3531 
1248 3532 
1248 3533 
1248 3534 
1248 3535 
1248 3536 
1248 3537 
1248 3538 
1248 3539 
1248 3540 
1248 3541 
1248 3542 
1248 3543 
1248 3544 
1248 3545 
1248 3546 
1248 3547 
1248 3548 
1248 3549 
1248 1257 
1248 3550 
1248 3551 
1248 3552 
1248 3553 
1248 3554 
1248 3555 
1248 3556 
1248 1258 
1248 1259 
1248 3557 
1248 3558 
1248 3559 
1248 3560 
1248 3561 
1248 3562 
1248 3563 
1248 3564 
1248 3565 
1248 3566 
1248 3567 
1248 3568 
1248 3569 
1248 3570 
1248 3571 
1248 3572 
1248 3573 
1248 3574 
1248 3575 
1248 3576 
1248 3577 
1248 3578 
1248 3579 
1248 3580 
1248 3581 
1248 3582 
1248 3583 
1248 3584 
1248 3585 
1248 3586 
1248 3587 
1248 3588 
1248 1260 
1248 3589 
1248 3590 
1248 3591 
1248 3592 
1248 3593 
1248 3594 
1248 3595 
1248 3596 
1248 1261 
1248 3597 
1248 3598 
1248 3599 
1248 3600 
1248 3601 
1248 3602 
1248 3603 
1248 3604 
1248 3605 
1248 3606 
1248 3607 
1248 1262 
1248 3608 
1248 3609 
1248 3610 
1248 3611 
1248 3612 
1248 3613 
1248 3614 
1248 3615 
1248 3616 
1248 3617 
1248 3618 
1248 3619 
1248 3620 
1248 3621 
1248 3622 
1248 3623 
1248 3624 
1248 3625 
1248 3626 
1248 3627 
1248 3628 
1248 3629 
1248 3630 
1248 1263 
1248 3631 
1248 3632 
1248 1264 
1248 3428 
1248 3633 
1248 3634 
1248 3635 
1248 3636 
1248 3637 
3638 3639 
3638 3640 
3638 3641 
3638 3642 
3638 3643 
3638 3644 
3638 3645 
3638 3646 
3638 3647 
3638 3648 
3638 3649 
3638 3650 
3638 3651 
3638 3652 
3638 3653 
3638 3654 
3638 3655 
3638 3656 
3638 3657 
3638 3658 
3638 3659 
3638 3660 
3638 3661 
3638 3662 
3638 3663 
3638 3664 
3638 3665 
3638 3666 
3638 3667 
3638 3668 
3638 3669 
3638 3670 
3638 3671 
3638 3672 
3638 3673 
3638 3674 
3638 3675 
3638 3676 
3638 3677 
3638 3678 
3638 3679 
3638 3680 
3638 3681 
3638 3682 
3638 3683 
3638 3684 
3638 3685 
3638 3686 
3638 3687 
3638 3688 
3638 3689 
3638 3690 
3638 3691 
3638 3692 
3638 3693 
3638 3694 
3638 3695 
3638 3696 
1254 11 
1254 83 
1254 265 
1254 1248 
1254 1250 
1254 3450 
1254 3453 
1254 3454 
1254 1252 
1254 3457 
1254 3469 
1254 3472 
1254 3473 
1254 3478 
1254 3490 
1254 3498 
1254 3499 
1254 3503 
1254 1256 
1254 3506 
1254 3509 
1254 3511 
1254 3513 
1254 3536 
1254 3540 
1254 1257 
1254 3554 
1254 1258 
1254 3564 
1254 3568 
1254 3572 
1254 3578 
1254 3585 
1254 3586 
1254 3587 
1254 3595 
1254 3611 
1254 3613 
1254 3621 
1254 3624 
1254 3626 
1254 3627 
1254 3629 
1254 1263 
1254 1264 
1254 3428 
1254 3697 
1254 3698 
1254 3699 
1254 3700 
1254 3701 
1254 3702 
1254 3703 
1254 1265 
1254 3704 
1254 3705 
1254 3706 
1254 3707 
1254 3708 
1254 3709 
1254 3710 
1254 3711 
1254 3712 
1254 3713 
1254 3714 
1254 3715 
1254 3696 
1254 3716 
1254 1266 
1254 3717 
1254 3718 
1254 3719 
1254 3720 
1254 1267 
1254 3721 
1254 3722 
1254 3723 
1254 3724 
1254 1268 
1254 3725 
1254 3726 
1254 3727 
1254 3728 
1254 3729 
1254 3730 
1254 3731 
1254 3732 
1254 3733 
1254 3734 
1254 3735 
1254 3736 
1254 3737 
1254 3738 
1254 3739 
1254 3740 
1254 3741 
1254 3742 
1254 3743 
1254 1269 
1254 3744 
1254 3745 
1254 3746 
1254 3747 
1254 3748 
1254 3749 
1254 3750 
1254 1270 
1254 3751 
1254 3752 
1254 3753 
1254 1271 
1254 3754 
1254 3755 
1254 3756 
1254 3757 
1254 3758 
1254 3759 
1254 3760 
1254 1272 
1254 3761 
1254 1273 
1254 3762 
1254 3763 
1254 3764 
1254 3765 
1254 3766 
1254 3767 
1254 3768 
1254 3769 
1254 3770 
1254 3771 
1254 3772 
1254 3773 
1254 3774 
1254 3775 
1254 3776 
1254 3777 
1254 3778 
1254 3779 
1254 3780 
1254 3781 
1254 3782 
1254 3783 
1254 3784 
1254 3785 
1254 3786 
1254 3787 
1254 3788 
1254 3789 
1254 3790 
1254 3791 
1254 3792 
1254 3793 
1254 3794 
1254 3795 
3796 3797 
3796 3798 
3796 3799 
3796 3800 
3796 3801 
3796 3802 
3796 3803 
3796 3804 
3796 3805 
3796 3806 
3796 3807 
3796 3429 
3796 3808 
3796 3809 
3796 3810 
3796 3811 
3796 3812 
3796 3813 
3796 3814 
3796 3815 
3796 3816 
3796 3817 
3796 3818 
3796 3819 
3796 3820 
3796 3821 
3796 3822 
3796 3823 
3796 3824 
3796 3825 
3796 3826 
3796 3827 
3796 3828 
3796 3829 
3796 3830 
3796 3831 
3796 3832 
3796 3833 
3796 3834 
3796 3835 
3796 3836 
3796 3837 
3796 3838 
3796 3839 
3796 3840 
3796 3841 
3796 3842 
3796 3843 
3796 3844 
3796 3845 
3796 3846 
3796 3847 
3796 3848 
3796 3849 
3796 3850 
3796 3851 
3796 3852 
3796 3853 
3796 3854 
3796 3855 
3796 3856 
3796 3857 
3796 3858 
3796 3859 
3796 3860 
3796 3861 
3796 3862 
3796 3863 
3796 3864 
3796 3865 
3796 3866 
3796 3867 
3796 3868 
3796 3869 
3796 3870 
3796 3871 
3796 3872 
3796 3873 
3796 3874 
3796 3875 
3796 3876 
3796 3877 
3796 3878 
3796 3879 
3796 3880 
3796 3881 
3796 3882 
3796 3883 
3796 3884 
3796 3885 
3796 3886 
3796 3887 
3796 3888 
3796 3889 
3796 3890 
3796 3891 
3796 3892 
3796 3893 
3796 3894 
3796 3895 
3796 3896 
3796 3897 
3796 3898 
3796 3899 
3796 3900 
3796 3901 
3796 3902 
3796 3903 
3796 3904 
3796 3905 
3796 3906 
3796 3907 
3796 3908 
3796 3909 
3796 3910 
3796 3911 
3796 3912 
3796 3913 
3796 3914 
3796 3915 
3796 3916 
3796 3917 
3796 3918 
3796 3919 
3796 3920 
3796 3921 
3796 3922 
3796 3923 
3796 3924 
3796 3925 
3796 3926 
3796 3927 
3796 3928 
3796 3929 
3796 3930 
3796 3931 
3796 3932 
3796 3933 
3796 3934 
3796 3935 
3796 3936 
3796 3937 
3796 3938 
3796 3939 
3796 3940 
3796 3941 
3796 3942 
3796 3943 
3796 3944 
3796 3945 
3796 3946 
3796 3947 
3796 3948 
3796 3949 
3796 3950 
3796 3951 
3796 3952 
3796 3953 
3796 3954 
3796 3955 
3796 3956 
3796 3957 
3796 3958 
3796 3959 
3796 3960 
3796 3961 
3796 3962 
3796 3963 
3796 3964 
3796 3965 
3429 3807 
3429 3812 
3429 3817 
3429 3822 
3429 3828 
3429 3838 
3429 3854 
3429 3856 
3429 3862 
3429 3878 
3429 3881 
3429 3883 
3429 3885 
3429 3907 
3429 3909 
3429 3912 
3429 3913 
3429 3914 
3429 3919 
3429 3920 
3429 3928 
3429 3932 
3429 3934 
3429 3937 
3429 3939 
3429 3949 
3429 3965 
3429 3430 
3429 3966 
3429 3967 
3429 2152 
3429 3968 
3429 3431 
3429 3969 
3429 3970 
3429 3971 
3429 3972 
3429 3973 
3429 3974 
3429 3975 
3429 3976 
3429 3977 
3429 3978 
3429 3979 
3429 3980 
3429 3981 
3429 3982 
3429 3983 
3429 3984 
3429 3985 
3429 3986 
3429 3987 
3429 3988 
3429 3989 
3429 3990 
3429 3991 
3429 3992 
3429 3993 
3429 3994 
3429 3995 
3429 3996 
3429 3997 
3429 3998 
3429 3999 
